0 0 0
1 2 2
2 3 3
3 4 4
4 5 5
4 6 6
5 8 8
6 9 9
7 10 10
8 11 11
9 12 12
10 14 14
11 15 15
11 16 16
12 17 17
13 18 18
14 20 20
15 21 21
16 22 22
17 23 23
18 24 24
18 26 26
19 27 27
20 28 28
21 29 29
22 31 31
23 32 32
24 33 33
24 34 34
25 35 35
26 37 37
27 38 38
28 39 39
29 40 40
30 41 41
31 43 43
32 44 44
32 45 45
33 46 46
34 47 47
35 49 49
36 50 50
37 51 51
38 52 52
39 53 53
39 55 55
40 56 56
41 57 57
42 58 58
43 59 59
44 61 61
45 62 62
46 63 63
46 64 64
47 66 66
48 67 67
49 68 68
50 69 69
51 70 70
52 72 72
53 73 73
53 74 74
54 75 75
55 76 76
56 78 78
57 79 79
58 80 80
59 81 81
60 82 82
60 84 84
61 85 85
62 86 86
63 87 87
64 88 88
65 90 90
66 91 91
67 92 92
67 93 93
68 94 94
69 96 96
70 97 97
71 98 98
72 99 99
73 101 101
74 102 102
74 103 103
75 104 104
76 105 105
77 107 107
78 108 108
79 109 109
80 110 110
81 111 111
81 113 113
82 114 114
83 115 115
84 116 116
85 117 117
86 118 118
87 119 119
88 119 119
88 120 120
89 121 121
90 122 122
91 123 123
92 124 124
93 125 125
94 126 126
95 126 126
95 127 127
96 128 128
97 129 129
98 130 130
99 131 131
100 132 132
101 132 132
102 133 133
102 134 134
103 135 135
104 136 136
105 137 137
106 138 138
107 139 139
108 140 140
109 140 140
109 141 141
110 142 142
111 143 143
112 144 144
113 145 145
114 146 146
115 147 147
116 147 147
116 148 148
117 149 149
118 150 150
119 151 151
120 152 152
121 153 153
122 154 154
123 154 154
123 155 155
124 156 156
125 157 157
126 158 158
127 159 159
128 160 160
129 161 161
130 161 161
130 162 162
131 163 163
132 164 164
133 165 165
134 166 166
135 167 167
136 168 168
137 168 168
137 169 169
138 170 170
139 171 171
140 172 172
141 173 173
142 174 174
143 175 175
144 175 175
144 176 176
145 177 177
146 178 178
147 179 179
148 180 180
149 181 181
150 181 181
151 182 182
151 183 183
152 184 184
153 185 185
154 186 186
155 187 187
156 188 188
157 188 188
158 189 189
158 190 190
159 191 191
160 192 192
161 193 193
162 194 194
163 195 195
164 195 195
165 196 196
165 197 197
166 198 198
167 199 199
168 200 200
170 201 201
171 202 202
173 203 203
174 203 203
175 204 204
177 205 205
178 206 206
179 207 207
181 208 208
182 209 209
184 210 210
185 210 210
186 211 211
188 212 212
189 213 213
190 214 214
192 215 215
193 216 216
195 217 217
196 217 217
197 218 218
199 219 219
200 220 220
201 221 221
203 222 222
204 223 223
206 224 224
207 224 224
208 225 225
210 226 226
211 227 227
212 228 228
214 229 229
215 230 230
217 230 230
218 231 231
219 232 232
221 233 233
222 234 234
223 235 235
225 236 236
226 237 237
228 237 237
229 238 238
230 239 239
232 240 240
233 241 241
234 242 242
236 243 243
237 244 244
239 244 244
240 245 245
241 246 246
243 247 247
244 248 248
245 249 249
247 250 250
248 251 251
250 251 251
251 252 252
252 253 253
254 254 254
255 255 255
