3 0 0
5 0 0
8 0 0
11 0 0
13 0 0
16 0 0
19 0 0
21 0 0
24 0 0
27 0 0
29 0 0
32 0 0
35 0 0
37 0 0
40 0 0
43 0 0
45 0 0
48 0 0
50 0 0
53 0 0
56 0 0
58 0 0
61 0 0
64 0 0
66 0 0
69 0 0
72 0 0
74 0 0
77 0 0
80 0 0
82 0 0
85 0 0
88 0 0
90 0 0
93 0 0
96 0 0
98 0 0
101 0 0
104 0 0
106 0 0
109 0 0
112 0 0
114 0 0
117 0 0
120 0 0
122 0 0
125 0 0
128 0 0
130 0 0
133 0 0
135 0 0
138 0 0
141 0 0
143 0 0
146 0 0
149 0 0
151 0 0
154 0 0
157 0 0
159 0 0
162 0 0
165 0 0
167 0 0
170 0 0
173 0 0
175 0 0
178 0 0
181 0 0
183 0 0
186 0 0
189 0 0
191 0 0
194 0 0
197 0 0
199 0 0
202 0 0
205 0 0
207 0 0
210 0 0
213 0 0
215 0 0
218 0 0
220 0 0
223 0 0
226 0 0
228 0 0
231 0 0
234 0 0
236 0 0
239 0 0
242 0 0
244 0 0
247 0 0
250 0 0
252 0 0
255 0 0
255 0 0
255 0 0
255 0 0
255 0 0
255 0 0
255 0 0
255 0 0
255 0 0
255 0 0
255 0 0
255 0 0
255 0 0
255 0 0
255 0 0
255 0 0
255 0 0
255 0 0
255 0 0
255 0 0
255 0 0
255 0 0
255 0 0
255 0 0
255 0 0
255 0 0
255 0 0
255 0 0
255 0 0
255 0 0
255 0 0
255 0 0
255 0 0
255 0 0
255 0 0
255 0 0
255 0 0
255 0 0
255 0 0
255 0 0
255 0 0
255 0 0
255 0 0
255 0 0
255 0 0
255 0 0
255 0 0
255 0 0
255 0 0
255 0 0
255 0 0
255 0 0
255 0 0
255 0 0
255 0 0
255 0 0
255 0 0
255 0 0
255 0 0
255 0 0
255 0 0
255 0 0
255 0 0
255 0 0
255 0 0
255 0 0
255 0 0
255 0 0
255 0 0
255 0 0
255 0 0
255 0 0
255 0 0
255 0 0
255 0 0
255 0 0
255 0 0
255 0 0
255 0 0
255 0 0
255 0 0
255 0 0
255 0 0
255 0 0
255 0 0
255 0 0
255 0 0
255 0 0
255 0 0
255 0 0
255 0 0
255 0 0
255 0 0
255 0 0
255 0 0
255 0 0
255 0 0
255 4 4
255 8 8
255 12 12
255 16 16
255 20 20
255 24 24
255 28 28
255 32 32
255 36 36
255 40 40
255 44 44
255 48 48
255 52 52
255 56 56
255 60 60
255 64 64
255 68 68
255 72 72
255 76 76
255 80 80
255 84 84
255 88 88
255 92 92
255 96 96
255 100 100
255 104 104
255 108 108
255 112 112
255 116 116
255 120 120
255 124 124
255 128 128
255 131 131
255 135 135
255 139 139
255 143 143
255 147 147
255 151 151
255 155 155
255 159 159
255 163 163
255 167 167
255 171 171
255 175 175
255 179 179
255 183 183
255 187 187
255 191 191
255 195 195
255 199 199
255 203 203
255 207 207
255 211 211
255 215 215
255 219 219
255 223 223
255 227 227
255 231 231
255 235 235
255 239 239
255 243 243
255 247 247
255 251 251
255 255 255
