0 143 143
0 159 159
0 175 175
0 191 191
0 207 207
0 223 223
0 239 239
0 255 255
0 255 255
0 255 255
0 255 255
0 255 255
0 255 255
0 255 255
0 255 255
0 255 255
0 255 255
0 255 255
0 255 255
0 255 255
0 255 255
0 255 255
0 255 255
0 255 255
16 239 239
32 223 223
48 207 207
64 191 191
80 175 175
96 159 159
112 143 143
128 128 128
143 112 112
159 96 96
175 80 80
191 64 64
207 48 48
223 32 32
239 16 16
255 0 0
255 0 0
255 0 0
255 0 0
255 0 0
255 0 0
255 0 0
255 0 0
255 0 0
255 0 0
255 0 0
255 0 0
255 0 0
255 0 0
255 0 0
255 0 0
255 0 0
239 0 0
223 0 0
207 0 0
191 0 0
175 0 0
159 0 0
143 0 0
128 0 0
